6
57
77
27
8
69
16
55
32
69
87
1
6
67
82
91
46
55
100
0
24
81
9
91
51
54
55
26
6
12
60
36
60
0
31
20
81
69
82
26
1
51
80
59
96
8
54
40
13
72
14
46
18
8
96
61
59
81
69
86
4
89
34
32
15
84
39
1
79
77
94
34
80
20
76
84
0
90
91
61
12
66
5
49
28
33
1
98
4
40
63
51
18
35
96
32
21
53
52
55
84
23
23
54
88
94
29
15
43
23
70
61
60
10
3
97
56
20
6
78
29
74
11
56
100
58
75
71
84
42
7
5
93
80
81
20
31
19
74
43
43
67
14
9
75
3
72
21
8
5
77
95
69
90
79
95
66
77
96
42
11
41
30
46
39
95
43
91
76
46
8
14
13
68
89
64
69
95
91
26
66
91
91
44
94
96
39
81
21
78
75
44
78
10
16
65
27
87
76
67
99
78
97
30
57
8
100
28
91
47
0
98
95
96
73
6
31
96
68
45
37
74
38
32
47
61
79
74
41
50
32
15
28
6
61
14
31
45
92
98
39
59
88
82
88
13
95
41
17
30
21
96
63
58
95
27
0
69
25
91
87
15
37
78
93
29
96
26
32
11
99
59
57
78
3
6
8
74
64
72
4
58
59
22
99
14
66
4
65
30
16
65
20
55
87
91
89
17
9
14
92
92
31
30
4
16
12
69
33
16
5
29
92
77
14
25
1
16
57
70
88
83
38
57
17
18
30
13
95
93
43
57
40
42
56
73
9
84
17
73
28
49
29
73
7
85
50
91
78
39
33
46
61
99
38
61
40
65
33
70
98
25
92
98
15
63
99
75
91
91
80
94
94
29
97
44
25
87
20
91
56
78
28
15
70
79
88
9
29
4
93
44
79
50
71
37
63
13
89
18
28
77
75
24
7
77
35
97
26
64
48
28
65
64
100
39
26
55
74
27
90
3
2
43
97
23
47
64
57
74
47
16
50
33
21
60
71
80
24
54
56
28
94
78
4
59
73
1
16
85
40
99
96
15
95
12
70
99
46
96
81
88
22
57
17
87
68
86
52
14
22
49
73
46
19
27
80
91
32
93
77
61
41
14
32
67
72
27
60
90
65
61
82
86
38
53
68
74
27
35
100
46
31
30
18
36
85
60
28
45
85
88
11
52
29
69
82
88
17
68
81
8
24
34
29
27
52
82
90
25
33
33
55
100
10
68
38
70
78
72
23
19
82
97
40
74
62
5
83
60
24
33
83
55
58
66
86
73
90
75
19
53
79
62
31
72
55
31
74
57
32
16
81
58
24
8
87
76
79
73
34
53
69
76
54
22
7
42
33
91
63
77
4
94
38
79
27
97
94
48
63
26
23
62
97
46
97
9
32
55
91
66
39
45
5
35
68
87
25
98
56
58
32
86
89
55
9
1
5
69
12
86
36
88
82
73
79
55
72
21
43
74
48
81
62
89
9
73
84
39
47
67
9
28
74
91
64
39
11
69
77
28
68
45
40
31
43
40
38
14
56
27
61
50
80
12
14
97
68
24
57
5
6
84
12
92
40
36
9
92
21
38
80
76
99
90
77
35
32
99
53
6
37
40
69
18
46
10
71
55
18
24
2
51
85
48
91
29
10
37
0
36
78
54
62
100
11
14
39
79
70
61
52
72
29
22
54
19
33
38
75
67
76
90
0
89
68
87
45
43
11
26
69
85
24
100
93
48
14
13
32
1
78
36
29
84
35
30
12
34
90
87
63
3
3
30
26
51
77
71
40
68
27
53
27
64
79
5
18
78
20
94
89
93
60
40
30
2
29
61
12
21
45
0
27
53
68
95
13
67
1
26
44
25
75
53
27
38
44
79
71
71
20
78
35
99
95
14
24
20
86
99
10
47
97
20
57
1
12
32
86
57
44
46
29
30
35
21
36
2
51
64
25
73
78
66
18
31
9
4
6
30
49
58
52
100
78
100
14
54
78
38
18
14
28
85
52
39
56
68
45
59
73
75
41
94
79
45
28
51
70
89
75
10
29
68
54
61
68
83
98
83
69
3
93
28
86
20
31
50
7
42
36
98
33
43
56
65
42
88
60
23
13
91
52
39
39
81
12
89
81
13
70
83
11
14
93
95
50
10
73
45
69
71
83
57
25
92
26
93
88
76
86
19
4
79
56
58
42
84
61
30
94
6
67
56
57
2
20
40
46
2
86
82
51
2
1
3
58
28
22
64
61
37
35
18
25
80
14
92
23
83
79
77
18
58
44
4
58
59
92
31
66
13
49
61
98
19
40
79
11
34
70
57
13
76
8
24
94
89
23
59
12
6
56
50
52
7
39
10
13
50
82
57
5
23
76
85
69
38
56
64
48
31
44
94
79
89
8
12
45
46
99
33
93
61
72
61
39
43
71
69
78
21
11
7
78
48
50
13
2
73
16
87
6
22
16
71
37
66
28
94
83
24
49
65
33
65
67
41
34
99
10
5
65
32
30
19
35
47
71
49
13
15
76
40
53
1
42
31
0
83
64
45
87
39
22
22
7
72
92
66
86
82
6
35
27
63
99
85
87
22
96
90
53
13
58
83
7
71
17
12
34
10
87
56
55
70
11
50
27
4
16
98
21
67
37
90
26
64
25
64
5
11
94
100
31
6
54
8
97
66
60
39
83
81
66
4
12
18
85
59
36
75
53
46
84
24
53
45
5
19
24
88
17
2
33
67
90
48
67
68
19
16
67
53
10
6
20
49
43
55
86
93
56
54
36
17
99
36
79
12
62
100
43
67
89
92
43
29
29
61
23
36
100
90
36
26
11
53
89
86
28
18
26
61
47
58
83
51
32
91
42
70
89
39
50
0
29
40
43
19
99
77
6
83
93
87
52
41
96
32
28
59
4
6
47
53
30
54
76
34
48
26
60
89
3
85
94
78
85
58
79
93
44
66
98
63
71
69
11
26
81
50
31
66
65
69
26
75
57
38
0
17
12
88
11
36
30
98
82
10
91
19
32
64
59
5
91
81
99
74
41
51
61
78
37
42
77
72
76
79
2
46
31
32
74
66
54
30
56
23
49
43
40
57
94
24
53
23
86
32
89
42
90
44
18
3
26
18
48
36
8
39
12
67
71
47
89
85
71
51
10
25
54
82
46
37
52
43
69
73
100
59
13
17
51
81
100
82
50
89
70
26
52
63
96
15
75
91
52
0
4
60
29
71
11
62
92
45
78
11
95
67
79
14
33
92
87
50
12
88
70
43
5
99
51
73
18
47
33
82
75
19
93
80
54
30
63
12
100
6
50
66
44
8
95
8
74
72
16
89
89
81
66
88
5
66
3
98
40
97
64
55
69
26
53
22
1
52
28
91
31
63
16
64
97
64
13
92
58
44
78
40
92
32
87
90
85
75
50
61
71
92
100
33
81
27
33
57
30
83
40
71
32
13
32
100
28
43
47
62
85
25
44
39
26
93
43
79
96
43
81
52
88
63
19
28
88
44
45
51
1
39
66
82
6
47
64
38
43
33
45
67
69
94
96
19
65
33
39
6
40
75
75
24
68
19
40
43
26
54
37
8
84
17
67
91
76
36
32
26
67
53
100
67
53
92
63
53
8
17
2
28
66
38
31
40
39
23
55
89
5
9
43
68
79
56
49
39
31
53
93
19
27
38
58
62
80
74
98
41
54
20
72
13
6
14
79
86
57
1
28
23
81
74
73
84
22
3
92
93
72
56
25
89
7
14
17
9
12
83
60
76
77
70
74
70
9
10
22
18
63
22
71
71
99
40
10
59
10
72
89
37
33
22
53
35
58
61
25
43
9
7
81
9
12
80
48
37
31
51
12
29
34
2
9
2
51
57
24
62
97
62
6
99
35
58
77
63
27
72
98
41
77
76
52
7
20
98
13
62
100
24
22
0
48
18
32
30
1
81
82
91
55
14
63
99
55
84
35
85
71
68
34
73
15
25
58
67
80
75
36
1
0
13
44
10
5
14
97
23
69
29
76
61
71
87
73
72
59
62
45
53
8
72
33
54
44
39
2
20
36
28
73
44
97
12
18
37
38
43
13
6
0
27
25
42
71
58
62
25
81
40
80
99
18
3
27
82
82
28
32
12
83
17
26
4
52
92
25
1
36
80
23
93
6
59
52
71
15
77
10
81
64
100
10
81
85
45
13
51
71
16
5
43
14
76
61
80
72
55
10
53
63
88
24
41
26
75
66
31
92
48
59
62
20
16
93
58
55
78
14
72
31
98
51
7
67
2
43
65
89
76
64
53
59
73
52
69
42
36
21
2
35
41
85
81
87
65
93
30
38
31
65
12
23
69
62
21
16
0
0
93
31
89
7
38
28
47
9
52
69
23
26
1
92
70
2
77
88
0
74
68
53
5
63
5
64
68
30
11
93
70
76
53
38
99
66
84
47
44
84
1
20
40
15
74
74
87
75
3
7
82
34
86
88
4
70
13
67
46
6
59
40
97
1
95
57
42
80
4
61
57
21
75
51
13
73
66
80
28
69
5
100
40
5
60
35
8
90
22
55
56
97
39
75
16
34
80
15
98
0
66
34
82
78
25
8
0
55
49
91
31
36
57
63
58
65
98
78
50
60
35
73
3
31
93
54
75
73
40
17
90
100
26
49
23
66
51
95
47
36
70
82
31
69
51
37
63
75
82
8
77
9
83
39
15
91
7
59
6
72
13
73
67
88
61
35
40
44
84
3
20
16
100
20
44
30
91
87
48
36
66
78
9
13
7
20
98
38
13
75
31
78
72
58
7
12
45
6
11
68
48
73
69
41
90
79
87
54
46
34
62
42
82
75
86
1
0
60
52
24
46
88
7
19
52
4
70
9
87
58
86
52
14
71
49
37
95
62
46
99
49
35
51
2
91
22
0
70
68
53
84
77
63
17
8
58
20
21
4
92
61
56
83
59
72
33
43
79
85
49
98
76
70
14
98
9
20
86
3
44
65
9
93
40
27
91
45
57
57
80
42
89
76
0
38
67
17
4
88
7
81
57
30
38
86
84
21
3
8
28
86
41
14
32
26
72
2
60
87
46
69
94
35
97
22
18
73
96
100
29
49
16
0
16
85
36
52
64
32
46
0
6
96
65
62
54
84
81
61
60
56
3
13
37
56
79
53
77
5
13
20
13
17
18
56
61
10
34
37
4
92
66
54
15
41
46
88
79
17
21
61
6
61
1
2
12
80
8
3
43
86
99
10
27
74
21
77
75
93
100
84
90
16
68
94
78
51
28
47
24
46
32
40
100
29
0
37
67
76
26
82
5
5
56
71
98
84
73
69
7
63
47
16
70
59
98
82
11
2
66
73
37
33
37
48
5
13
41
25
54
33
73
68
43
73
49
97
23
93
56
6
25
26
26
67
73
70
16
26
6
96
99
9
63
52
79
52
13
71
86
93
81
29
79
19
84
17
18
49
53
10
86
67
25
22
96
39
18
28
44
14
19
91
0
31
4
73
22
94
60
75
59
57
28
46
52
4
15
24
86
85
27
76
19
18
12
48
69
72
41
91
51
18
72
74
44
1
95
69
24
9
69
100
29
83
53
86
61
87
86
51
47
39
67
100
73
20
87
41
59
65
46
12
33
81
4
8
74
51
49
92
69
6
27
79
36
67
16
22
81
72
54
25
80
26
38
22
50
87
48
26
86
77
10
48
49
54
99
15
54
21
20
17
71
73
74
62
20
45
71
50
70
71
95
21
7
64
99
26
40
19
14
31
14
9
51
96
75
43
49
75
35
64
48
65
13
31
53
44
52
23
49
79
76
83
24
62
11
3
75
16
96
36
62
15
25
37
4
78
13
38
17
58
20
83
79
95
86
72
87
38
19
31
20
47
100
39
82
29
72
71
29
61
87
10
5
47
20
31
6
82
25
52
56
44
20
79
25
68
53
91
82
7
71
72
99
26
67
34
24
33
74
69
96
40
60
99
75
23
20
11
13
24
18
12
86
69
76
20
52
90
31
74
11
14
71
50
29
1
84
71
51
52
95
84
62
77
76
14
89
74
68
33
61
41
78
61
48
24
0
46
73
18
19
23
72
93
35
74
97
48
96
40
6
36
18
99
22
85
87
64
34
37
54
77
64
15
41
1
32
21
58
14
73
18
13
90
53
70
95
30
64
79
41
77
42
82
18
5
84
90
58
46
38
23
52
64
21
10
33
64
93
78
93
10
7
80
73
14
34
56
77
32
82
95
64
14
61
99
49
22
71
12
97
61
74
14
75
75
92
26
18
77
60
27
63
5
93
21
31
56
38
31
50
46
56
73
99
51
87
54
66
16
17
16
56
47
73
15
3
98
75
84
10
24
17
89
60
25
43
85
99
46
50
44
19
47
7
81
8
47
17
73
22
89
57
83
16
54
26
88
76
10
34
2
98
49
73
97
62
2
63
19
41
29
80
10
84
100
48
37
21
74
97
78
62
34
1
94
6
53
60
48
78
60
55
71
36
98
18
50
72
24
55
55
83
78
32
53
43
92
29
64
4
45
10
94
83
8
49
66
35
6
35
69
28
78
46
77
43
87
31
58
66
50
15
62
53
83
16
6
39
95
76
18
87
48
34
49
74
22
54
94
61
50
94
64
2
19
76
34
3
76
91
9
86
12
43
74
22
84
99
66
71
14
100
86
93
89
68
86
84
78
51
50
12
64
87
45
78
47
14
0
37
57
65
66
66
21
39
93
84
46
29
100
53
0
59
73
93
89
55
24
88
2
42
22
75
88
84
39
52
66
20
60
47
26
55
45
24
91
50
21
89
46
75
5
78
72
72
43
62
85
25
3
38
100
43
41
23
96
70
62
24
3
23
53
67
95
38
1
45
32
6
51
99
63
60
65
18
12
64
84
22
66
59
53
64
82
59
82
29
49
85
33
42
14
21
87
47
56
2
59
13
69
66
70
18
12
19
9
35
43
12
40
95
13
63
91
25
57
14
86
48
34
89
36
39
52
13
52
78
25
48
69
98
87
25
62
50
1
50
48
64
64
21
56
99
84
47
69
25
42
43
24
36
87
98
61
20
73
67
86
24
30
8
33
34
69
99
64
28
3
46
74
66
77
93
76
32
95
4
67
93
21
15
52
28
98
79
22
62
7
69
77
82
49
44
8
32
39
25
8
37
1
36
35
97
71
30
25
65
46
96
73
2
59
41
97
6
73
88
24
85
26
65
44
95
22
92
80
81
17
63
97
52
85
98
80
1
96
73
50
38
51
70
8
4
2
48
6
85
42
64
41
62
79
94
36
18
87
40
79
2
88
91
46
22
5
45
6
1
94
92
30
22
39
57
41
37
69
40
74
75
17
99
36
16
53
100
95
47
82
8
42
62
39
36
13
11
64
19
14
99
88
17
96
45
26
93
15
0
82
97
75
82
40
25
33
92
81
12
2
51
76
80
84
28
60
58
57
81
82
69
94
37
63
69
40
65
24
53
90
42
70
15
57
85
39
57
32
48
62
9
43
47
31
1
96
77
99
31
34
66
41
82
16
66
65
35
39
67
95
89
7
97
74
65
38
25
47
75
68
96
66
65
99
80
63
40
7
9
83
5
79
98
74
44
10
42
62
3
74
63
34
26
99
19
80
14
57
63
94
65
82
54
56
29
58
98
23
74
1
71
71
27
74
1
90
65
83
70
32
0
15
70
67
87
80
21
74
1
74
20
94
4
11
12
18
56
45
15
25
76
58
30
21
32
12
31
78
44
68
20
0
18
84
13
11
17
61
77
80
89
75
54
68
61
49
94
55
89
42
28
18
88
18
49
6
69
15
64
26
76
29
51
69
14
41
26
47
53
43
68
78
77
72
82
5
48
58
36
39
69
2
83
40
1
81
89
34
63
32
33
5
73
85
71
78
25
88
79
62
28
93
59
90
20
1
8
56
25
86
23
75
98
35
36
21
89
46
94
85
77
45
61
72
45
78
71
80
42
52
36
91
69
33
80
4
26
90
3
49
11
10
31
52
94
67
72
24
31
28
89
89
9
11
23
8
77
47
7
79
76
66
83
39
86
61
76
67
47
47
7
100
55
77
55
66
96
78
29
48
19
52
90
90
94
79
18
40
21
39
80
20
59
90
37
6
37
0
59
37
46
88
60
93
48
63
16
41
63
24
62
90
68
46
49
73
96
11
27
98
54
82
85
83
81
85
1
15
61
81
95
26
0
28
97
54
59
81
86
11
93
58
14
78
99
94
91
53
17
11
59
82
57
47
15
9
41
86
72
72
13
100
62
96
54
67
21
5
44
99
25
9
96
36
54
93
91
0
77
26
100
30
70
48
84
89
98
78
51
37
76
13
6
92
44
25
45
43
24
74
80
63
71
13
62
59
89
31
48
1
32
45
61
29
81
20
55
55
92
24
51
73
79
13
91
32
58
90
37
49
3
43
43
85
72
30
78
40
9
47
71
79
31
31
64
5
29
65
14
99
86
54
98
18
48
66
62
68
52
33
5
45
67
64
37
50
36
76
69
59
84
80
52
48
78
33
100
3
52
84
33
60
73
41
18
80
15
2
19
20
76
82
21
73
38
50
42
95
34
89
63
52
73
88
38
97
12
32
19
12
77
10
16
24
91
62
90
50
32
26
80
52
78
29
19
66
10
49
70
45
40
75
12
58
1
3
10
48
15
23
86
93
0
89
22
44
82
42
46
28
97
65
40
100
49
18
40
54
36
5
76
81
65
17
100
53
19
30
41
21
71
74
43
51
83
51
83
3
39
99
33
3
29
81
38
44
62
97
83
5
62
38
91
35
29
20
36
60
44
17
70
78
88
100
75
84
97
53
46
17
24
3
1
9
64
10
84
72
79
77
60
27
75
5
22
14
59
19
48
36
100
56
39
59
87
72
40
59
12
100
67
67
18
9
54
79
79
75
92
50
35
97
48
73
48
48
85
21
89
49
21
26
33
80
100
56
75
88
61
74
26
34
38
9
84
92
39
66
47
67
26
51
55
50
90
63
76
57
38
40
16
24
60
82
100
52
74
95
24
33
75
18
6
82
32
24
39
57
22
7
96
73
1
59
95
49
94
93
38
51
78
11
76
1
79
31
20
99
43
18
35
41
51
5
23
22
75
59
27
63
10
84
13
99
69
32
7
73
94
22
82
47
81
38
55
93
42
52
6
15
77
95
96
9
76
51
29
24
4
87
68
11
14
81
69
6
26
5
92
58
67
66
1
43
50
28
60
60
62
31
95
30
70
79
41
19
80
85
24
97
100
61
43
47
38
56
45
82
76
88
84
56
83
21
79
84
98
57
97
21
19
51
50
40
30
34
33
71
19
5
37
9
45
42
67
31
65
73
83
14
10
64
55
35
36
53
75
14
24
26
3
48
7
46
6
97
79
51
5
61
42
39
86
34
11
68
42
25
77
32
74
74
74
56
73
36
47
79
89
86
97
91
93
66
89
1
48
38
19
80
66
6
8
40
36
45
10
18
46
6
36
50
32
72
24
95
35
85
89
55
34
35
26
45
80
50
28
36
91
1
34
100
98
44
53
25
56
82
44
23
38
2
30
57
75
43
2
13
3
86
99
53
48
67
12
69
24
93
57
53
5
14
78
1
83
81
46
92
74
33
83
78
88
21
85
10
91
86
34
86
6
6
28
46
86
67
91
41
49
93
77
5
10
67
92
6
54
76
94
95
4
19
64
47
64
32
66
3
81
53
69
17
53
47
78
10
79
15
35
44
18
90
12
11
70
66
59
36
16
53
65
8
9
94
47
66
42
46
24
11
82
3
26
20
64
60
25
73
49
73
73
0
51
50
20
96
95
29
41
74
12
70
95
19
18
10
100
14
8
6
89
1
65
39
11
0
26
28
21
13
84
93
24
68
58
100
86
29
16
40
94
54
30
51
82
32
24
45
63
88
11
20
39
56
26
93
27
99
71
90
97
70
100
79
41
40
61
5
47
100
67
62
52
75
0
49
96
10
77
83
24
26
12
30
29
16
3
14
35
51
54
21
51
4
69
96
51
28
19
78
100
57
21
56
12
36
52
36
10
55
8
18
31
44
53
25
22
41
62
1
42
23
44
5
7
73
36
65
95
49
9
9
32
78
63
21
39
69
62
13
78
27
28
99
73
8
19
60
38
59
4
61
66
35
79
81
90
48
91
74
33
73
60
12
78
73
95
40
27
89
38
64
67
80
84
80
51
83
86
16
14
60
81
16
96
1
18
87
31
88
37
76
50
1
51
58
60
91
47
15
48
76
22
20
42
46
21
15
38
99
61
32
57
52
25
83
64
90
41
54
67
90
89
3
92
35
13
1
18
56
36
34
61
78
28
69
33
57
82
100
66
21
78
48
56
95
92
12
51
86
7
17
35
84
49
99
4
12
61
97
70
58
77
72
13
71
98
72
54
80
95
42
67
57
20
15
97
55
16
51
62
58
21
13
52
52
90
61
35
70
55
82
46
6
87
14
47
83
27
100
42
39
78
28
5
57
29
89
41
77
78
92
35
56
30
71
98
49
90
86
70
72
29
88
98
79
71
55
23
72
15
75
79
72
92
14
43
4
68
20
29
79
22
6
30
72
100
7
79
49
22
78
67
95
48
94
40
58
3
10
15
58
8
92
97
59
84
5
14
25
49
28
23
59
10
48
75
7
81
97
68
32
85
87
26
15
36
28
73
73
57
80
26
24
69
16
71
96
35
33
72
86
43
40
73
63
73
87
28
68
86
36
21
25
100
61
21
85
62
96
68
51
23
84
37
99
11
26
67
0
39
92
12
3
53
77
82
25
17
59
1
93
100
55
34
49
27
53
68
76
63
1
3
18
20
85
83
69
24
5
61
28
89
27
72
93
36
76
73
8
39
12
92
19
61
88
10
55
89
3
52
51
28
9
94
100
55
58
92
83
96
5
60
63
82
97
70
50
91
88
14
15
54
66
45
48
73
17
7
3
93
50
3
32
87
40
65
77
5
62
17
42
22
27
61
73
83
6
44
39
25
54
41
66
37
63
64
0
26
63
57
31
42
85
51
93
51
85
69
77
29
78
34
59
57
39
4
85
57
91
52
20
26
76
84
12
18
80
46
22
49
89
64
50
48
88
93
53
4
69
65
80
14
40
59
29
71
80
36
46
99
72
87
37
40
44
80
88
36
83
30
74
64
99
80
83
86
96
90
62
42
62
49
31
36
97
76
2
60
34
31
52
72
50
18
29
49
89
30
92
2
49
40
94
47
89
19
96
89
70
29
22
15
14
11
36
87
70
74
45
28
29
60
50
69
22
4
22
44
55
73
39
45
73
39
99
93
9
20
17
61
60
19
59
